147111120
1827
1312
20151159
4879751
2766
104
216
504
6571200
147111120
1827
1312
20151159
4879751
2766
104
216
504
6571200
147111120
1827
1312
20151159
4879751
2766
104
216
504
6571200
147111120
1827
1312
20151159
4879751
2766
104
216
504
6571200
147111120
1827
1312
20151159
4879751
2766
104
216
504
6571200
147111120
1827
1312
20151159
4879751
2766
104
216
504
6571200
147111120
1827
1312
20151159
4879751
2766
104
216
504
6571200
147111120
1827
1312
20151159
4879751
2766
104
216
504
6571200
147111120
1827
1312
20151159
4879751
2766
104
216
504
6571200
147111120
1827
1312
20151159
4879751
2766
104
216
504
6571200
601
307
10177
38443
59
10375904
3404956
1071
6969
35294
19440
2667
10387
37803
560
17484
4009
6697
178
3518
1625624154
1624
16748
4699
5487
160325
437760000
244
5277
137
28561
17850
73
14175
2813
10050
17136
914
44
196770
15
109548
15
328587
403204821
185
111488
7
3480
2070
147111120
1827
1312
20151159
4879751
2766
104
216
504
6571200
