147111120
1827
1312
20151159
4879751
2766
104
216
504
6571200
147111120
1827
1312
20151159
4879751
2766
104
216
504
6571200
147111120
1827
1312
20151159
4879751
2766
104
216
504
6571200
147111120
1827
1312
20151159
4879751
2766
104
216
504
6571200
147111120
1827
1312
20151159
4879751
2766
104
216
504
6571200
601
307
10177
38443
59
10375904
3404956
1071
6969
35294
19440
2667
10387
37803
560
17484
4009
6697
178
3518
147111120
1827
1312
20151159
4879751
2766
104
216
504
6571200
601
307
10177
38443
59
10375904
3404956
1071
6969
35294
147111120
1827
1312
20151159
4879751
2766
104
216
504
6571200
